/*--------------------------------*- C++ -*----------------------------------*\
  =========                 |
  \\      /  F ield         | OpenFOAM: The Open Source CFD Toolbox
   \\    /   O peration     | Website:  https://openfoam.org
    \\  /    A nd           | Version:  13
     \\/     M anipulation  |
\*---------------------------------------------------------------------------*/
FoamFile
{
    format      ascii;
    class       volScalarField;
    location    "0";
    object      wallHeatFlux;
}
// * * * * * * * * * * * * * * * * * * * * * * * * * * * * * * * * * * * * * //

dimensions      [1 0 -3 0 0 0 0];

internalField   uniform 0;

boundaryField
{
    hot
    {
        type            calculated;
        value           nonuniform List<scalar> 
1156
(
22.741793295553681
22.741793295553673
22.741793295553681
22.741793295553673
22.741793295553681
22.741793295553673
22.741793295553673
22.741793295553681
22.741793295553681
22.741793295553684
22.74179329555367
22.741793295553673
22.741793295553688
22.741793295553666
22.741793295553673
22.741793295553673
22.741793295553673
22.741793295553663
22.741793295553688
22.741793295553666
22.741793295553681
22.741793295553688
22.741793295553673
22.741793295553681
22.741793295553688
22.741793295553656
22.741793295553673
22.741793295553681
22.741793295553673
22.74179329555367
22.741793295553698
22.741793295553663
22.741793295553681
22.741793295553656
22.741793295553673
22.74179329555367
22.741793295553673
22.741793295553673
22.741793295553681
22.741793295553681
22.74179329555367
22.741793295553673
22.74179329555367
22.741793295553681
22.74179329555367
22.741793295553673
22.741793295553681
22.741793295553673
22.741793295553688
22.74179329555367
22.741793295553684
22.741793295553673
22.741793295553666
22.741793295553684
22.741793295553656
22.741793295553702
22.741793295553649
22.741793295553684
22.741793295553684
22.741793295553649
22.741793295553688
22.741793295553673
22.74179329555367
22.741793295553673
22.74179329555367
22.74179329555367
22.741793295553698
22.741793295553649
22.741793295553673
22.741793295553684
22.741793295553681
22.741793295553673
22.741793295553681
22.741793295553681
22.741793295553673
22.741793295553684
22.741793295553666
22.741793295553684
22.741793295553666
22.741793295553681
22.741793295553684
22.741793295553656
22.741793295553702
22.741793295553666
22.741793295553688
22.741793295553681
22.741793295553666
22.741793295553673
22.741793295553681
22.741793295553705
22.741793295553649
22.741793295553666
22.741793295553684
22.741793295553666
22.741793295553684
22.74179329555367
22.74179329555367
22.741793295553673
22.741793295553649
22.741793295553695
22.74179329555367
22.741793295553673
22.741793295553673
22.74179329555367
22.741793295553681
22.74179329555367
22.741793295553673
22.741793295553673
22.741793295553673
22.74179329555367
22.741793295553666
22.741793295553695
22.741793295553666
22.74179329555367
22.741793295553684
22.741793295553649
22.741793295553688
22.741793295553666
22.741793295553666
22.741793295553656
22.741793295553684
22.741793295553663
22.741793295553698
22.741793295553681
22.741793295553684
22.74179329555367
22.741793295553681
22.741793295553673
22.741793295553673
22.741793295553673
22.741793295553684
22.741793295553673
22.741793295553666
22.741793295553681
22.741793295553645
22.741793295553698
22.741793295553673
22.741793295553681
22.741793295553681
22.74179329555367
22.74179329555367
22.74179329555367
22.741793295553673
22.741793295553681
22.741793295553673
22.741793295553681
22.741793295553666
22.741793295553681
22.741793295553695
22.741793295553666
22.741793295553666
22.741793295553681
22.74179329555367
22.741793295553663
22.741793295553698
22.741793295553656
22.741793295553681
22.741793295553656
22.741793295553673
22.741793295553684
22.741793295553684
22.74179329555367
22.741793295553673
22.741793295553673
22.741793295553684
22.741793295553666
22.741793295553673
22.741793295553684
22.741793295553645
22.741793295553702
22.741793295553673
22.74179329555367
22.741793295553681
22.741793295553666
22.741793295553681
22.741793295553673
22.741793295553681
22.741793295553681
22.741793295553673
22.74179329555367
22.74179329555367
22.741793295553681
22.741793295553681
22.741793295553673
22.741793295553681
22.74179329555367
22.741793295553681
22.741793295553656
22.741793295553688
22.741793295553663
22.741793295553681
22.741793295553666
22.74179329555367
22.741793295553681
22.741793295553666
22.741793295553684
22.741793295553681
22.74179329555367
22.741793295553673
22.741793295553681
22.741793295553684
22.741793295553684
22.741793295553666
22.741793295553684
22.741793295553673
22.741793295553681
22.74179329555367
22.741793295553666
22.741793295553681
22.741793295553681
22.741793295553681
22.741793295553681
22.741793295553673
22.741793295553666
22.741793295553681
22.74179329555367
22.741793295553673
22.741793295553673
22.741793295553681
22.741793295553681
22.741793295553684
22.741793295553666
22.741793295553681
22.741793295553663
22.741793295553695
22.741793295553698
22.741793295553656
22.741793295553688
22.741793295553656
22.741793295553688
22.741793295553688
22.741793295553681
22.74179329555367
22.741793295553688
22.74179329555367
22.741793295553681
22.74179329555367
22.741793295553684
22.741793295553673
22.741793295553673
22.741793295553673
22.741793295553681
22.741793295553673
22.741793295553666
22.741793295553656
22.741793295553666
22.74179329555367
22.74179329555367
22.74179329555367
22.741793295553673
22.74179329555367
22.741793295553681
22.74179329555367
22.741793295553656
22.74179329555367
22.741793295553663
22.741793295553698
22.741793295553673
22.741793295553666
22.741793295553695
22.741793295553638
22.741793295553681
22.741793295553684
22.741793295553656
22.74179329555367
22.741793295553681
22.741793295553645
22.741793295553673
22.741793295553684
22.741793295553673
22.741793295553656
22.741793295553663
22.741793295553673
22.741793295553681
22.741793295553673
22.74179329555367
22.74179329555367
22.741793295553684
22.741793295553684
22.741793295553698
22.741793295553681
22.741793295553673
22.741793295553673
22.741793295553688
22.741793295553673
22.74179329555367
22.741793295553673
22.741793295553673
22.74179329555367
22.741793295553656
22.741793295553702
22.741793295553673
22.741793295553673
22.741793295553727
22.741793295553649
22.74179329555367
22.741793295553695
22.741793295553673
22.741793295553684
22.74179329555367
22.74179329555367
22.741793295553666
22.741793295553695
22.741793295553681
22.741793295553698
22.741793295553663
22.741793295553673
22.74179329555367
22.741793295553681
22.74179329555367
22.741793295553681
22.741793295553673
22.741793295553673
22.741793295553688
22.741793295553673
22.74179329555367
22.741793295553673
22.741793295553666
22.741793295553681
22.741793295553663
22.741793295553673
22.741793295553663
22.741793295553666
22.74179329555367
22.741793295553695
22.741793295553663
22.741793295553681
22.741793295553705
22.741793295553617
22.741793295553688
22.741793295553681
22.741793295553663
22.741793295553695
22.74179329555367
22.741793295553688
22.741793295553656
22.741793295553684
22.741793295553673
22.741793295553705
22.741793295553634
22.741793295553681
22.741793295553673
22.741793295553681
22.741793295553673
22.741793295553688
22.741793295553695
22.741793295553673
22.74179329555367
22.741793295553673
22.741793295553681
22.74179329555367
22.741793295553681
22.741793295553695
22.741793295553645
22.741793295553688
22.741793295553673
22.74179329555367
22.741793295553649
22.741793295553698
22.741793295553666
22.741793295553666
22.741793295553695
22.741793295553638
22.741793295553681
22.74179329555367
22.74179329555367
22.741793295553673
22.741793295553663
22.741793295553666
22.741793295553673
22.741793295553688
22.741793295553666
22.741793295553698
22.741793295553666
22.741793295553673
22.741793295553673
22.741793295553673
22.741793295553673
22.741793295553666
22.741793295553666
22.741793295553656
22.74179329555367
22.741793295553681
22.741793295553684
22.741793295553673
22.741793295553684
22.741793295553681
22.741793295553656
22.741793295553698
22.741793295553681
22.741793295553681
22.741793295553673
22.741793295553702
22.74179329555367
22.741793295553681
22.741793295553684
22.741793295553684
22.74179329555367
22.741793295553681
22.741793295553688
22.741793295553673
22.741793295553649
22.741793295553688
22.741793295553684
22.741793295553673
22.741793295553649
22.741793295553688
22.741793295553681
22.741793295553681
22.74179329555367
22.74179329555367
22.74179329555367
22.74179329555367
22.741793295553681
22.741793295553681
22.741793295553684
22.74179329555367
22.741793295553673
22.741793295553684
22.741793295553684
22.74179329555367
22.741793295553681
22.741793295553673
22.741793295553663
22.741793295553673
22.741793295553649
22.741793295553681
22.741793295553656
22.741793295553695
22.74179329555367
22.741793295553684
22.741793295553663
22.74179329555367
22.741793295553702
22.741793295553684
22.741793295553673
22.741793295553681
22.741793295553681
22.741793295553656
22.741793295553681
22.74179329555367
22.741793295553666
22.741793295553673
22.741793295553681
22.741793295553681
22.741793295553688
22.741793295553698
22.741793295553684
22.741793295553666
22.741793295553656
22.741793295553645
22.741793295553681
22.741793295553673
22.741793295553684
22.741793295553673
22.741793295553695
22.74179329555367
22.741793295553649
22.741793295553681
22.741793295553673
22.741793295553705
22.741793295553666
22.741793295553684
22.741793295553663
22.741793295553688
22.741793295553688
22.741793295553666
22.741793295553656
22.74179329555367
22.741793295553649
22.741793295553663
22.741793295553705
22.741793295553681
22.74179329555367
22.741793295553698
22.741793295553673
22.741793295553684
22.741793295553695
22.741793295553695
22.741793295553673
22.741793295553666
22.74179329555367
22.741793295553673
22.74179329555367
22.741793295553681
22.741793295553695
22.74179329555367
22.741793295553684
22.741793295553663
22.741793295553666
22.741793295553681
22.741793295553673
22.741793295553702
22.741793295553673
22.741793295553688
22.741793295553663
22.741793295553681
22.741793295553666
22.741793295553666
22.741793295553663
22.741793295553681
22.741793295553681
22.741793295553684
22.741793295553666
22.741793295553673
22.741793295553673
22.741793295553698
22.741793295553645
22.741793295553684
22.741793295553645
22.74179329555367
22.741793295553681
22.741793295553666
22.741793295553656
22.741793295553684
22.741793295553698
22.741793295553688
22.741793295553688
22.741793295553681
22.741793295553688
22.741793295553663
22.74179329555367
22.741793295553681
22.741793295553684
22.741793295553666
22.741793295553666
22.74179329555367
22.741793295553649
22.741793295553698
22.741793295553673
22.741793295553666
22.741793295553688
22.741793295553684
22.741793295553673
22.74179329555367
22.741793295553663
22.741793295553684
22.74179329555367
22.741793295553656
22.74179329555367
22.741793295553666
22.741793295553713
22.741793295553702
22.74179329555367
22.741793295553681
22.741793295553681
22.741793295553681
22.741793295553649
22.741793295553673
22.741793295553666
22.74179329555367
22.741793295553666
22.741793295553663
22.741793295553673
22.741793295553656
22.741793295553681
22.741793295553673
22.741793295553695
22.741793295553663
22.74179329555367
22.741793295553666
22.74179329555367
22.741793295553698
22.741793295553656
22.741793295553645
22.741793295553684
22.74179329555367
22.741793295553673
22.741793295553681
22.741793295553681
22.74179329555367
22.741793295553663
22.74179329555367
22.741793295553681
22.741793295553638
22.741793295553727
22.741793295553666
22.741793295553666
22.741793295553673
22.741793295553666
22.741793295553684
22.741793295553695
22.741793295553684
22.741793295553666
22.741793295553681
22.741793295553695
22.741793295553695
22.741793295553688
22.741793295553684
22.741793295553688
22.741793295553688
22.741793295553663
22.741793295553666
22.741793295553656
22.741793295553673
22.741793295553681
22.741793295553681
22.741793295553688
22.741793295553681
22.741793295553695
22.741793295553681
22.741793295553681
22.74179329555367
22.741793295553684
22.741793295553673
22.741793295553673
22.741793295553663
22.741793295553681
22.741793295553645
22.741793295553702
22.741793295553645
22.741793295553656
22.741793295553673
22.741793295553666
22.741793295553656
22.741793295553656
22.741793295553673
22.741793295553681
22.741793295553666
22.741793295553663
22.74179329555367
22.741793295553681
22.741793295553663
22.741793295553673
22.741793295553684
22.741793295553649
22.741793295553681
22.741793295553681
22.741793295553684
22.74179329555367
22.741793295553681
22.74179329555367
22.74179329555367
22.741793295553695
22.741793295553666
22.741793295553681
22.741793295553663
22.741793295553663
22.741793295553681
22.741793295553684
22.741793295553684
22.741793295553673
22.741793295553684
22.741793295553673
22.741793295553666
22.741793295553666
22.741793295553673
22.741793295553673
22.741793295553684
22.741793295553681
22.741793295553673
22.741793295553681
22.741793295553673
22.741793295553702
22.741793295553698
22.741793295553684
22.741793295553673
22.741793295553681
22.741793295553688
22.74179329555367
22.741793295553673
22.74179329555367
22.74179329555367
22.741793295553656
22.741793295553698
22.741793295553663
22.741793295553688
22.741793295553702
22.741793295553656
22.741793295553663
22.741793295553698
22.741793295553666
22.741793295553673
22.741793295553673
22.74179329555367
22.741793295553663
22.741793295553698
22.741793295553681
22.741793295553705
22.741793295553666
22.741793295553681
22.741793295553673
22.74179329555367
22.741793295553663
22.74179329555367
22.741793295553684
22.741793295553684
22.741793295553666
22.741793295553666
22.741793295553684
22.741793295553681
22.741793295553673
22.741793295553688
22.741793295553656
22.74179329555367
22.741793295553684
22.741793295553695
22.741793295553666
22.741793295553688
22.741793295553666
22.741793295553673
22.741793295553684
22.741793295553673
22.741793295553663
22.741793295553695
22.74179329555367
22.74179329555367
22.74179329555367
22.741793295553681
22.741793295553666
22.741793295553695
22.741793295553681
22.74179329555367
22.741793295553681
22.741793295553681
22.741793295553673
22.741793295553695
22.741793295553673
22.74179329555367
22.741793295553663
22.741793295553656
22.74179329555367
22.74179329555367
22.741793295553673
22.741793295553649
22.741793295553666
22.741793295553684
22.741793295553681
22.741793295553698
22.741793295553684
22.74179329555367
22.741793295553656
22.741793295553698
22.741793295553684
22.74179329555367
22.741793295553666
22.741793295553656
22.741793295553681
22.741793295553695
22.741793295553684
22.741793295553681
22.741793295553663
22.741793295553684
22.741793295553673
22.741793295553666
22.741793295553673
22.74179329555367
22.74179329555367
22.741793295553673
22.741793295553666
22.741793295553663
22.741793295553673
22.741793295553688
22.741793295553688
22.741793295553681
22.74179329555367
22.741793295553684
22.741793295553688
22.741793295553663
22.741793295553673
22.741793295553684
22.741793295553684
22.741793295553673
22.741793295553666
22.74179329555367
22.741793295553666
22.741793295553681
22.74179329555367
22.741793295553673
22.741793295553673
22.74179329555367
22.741793295553681
22.74179329555367
22.74179329555367
22.74179329555367
22.741793295553666
22.741793295553673
22.741793295553702
22.741793295553681
22.741793295553681
22.741793295553673
22.741793295553673
22.741793295553666
22.741793295553666
22.741793295553688
22.741793295553695
22.741793295553681
22.741793295553688
22.741793295553688
22.741793295553666
22.741793295553663
22.741793295553681
22.741793295553673
22.741793295553684
22.741793295553681
22.741793295553645
22.741793295553645
22.741793295553645
22.741793295553645
22.741793295553656
22.741793295553705
22.741793295553681
22.741793295553666
22.741793295553684
22.741793295553681
22.741793295553673
22.741793295553688
22.741793295553673
22.741793295553673
22.741793295553645
22.741793295553663
22.741793295553684
22.741793295553673
22.741793295553673
22.74179329555367
22.741793295553684
22.741793295553684
22.741793295553684
22.741793295553663
22.741793295553649
22.74179329555367
22.741793295553666
22.741793295553645
22.741793295553681
22.741793295553673
22.741793295553684
22.74179329555367
22.741793295553673
22.741793295553673
22.741793295553681
22.741793295553684
22.741793295553688
22.741793295553713
22.741793295553666
22.741793295553684
22.741793295553649
22.741793295553684
22.741793295553681
22.741793295553673
22.74179329555367
22.741793295553688
22.741793295553649
22.741793295553673
22.741793295553681
22.741793295553702
22.74179329555367
22.74179329555367
22.741793295553673
22.741793295553681
22.741793295553681
22.741793295553681
22.741793295553684
22.741793295553698
22.741793295553684
22.74179329555367
22.741793295553666
22.741793295553649
22.741793295553663
22.741793295553656
22.741793295553673
22.741793295553666
22.741793295553681
22.741793295553695
22.741793295553684
22.741793295553688
22.741793295553684
22.741793295553684
22.741793295553645
22.741793295553684
22.741793295553656
22.741793295553673
22.741793295553684
22.741793295553688
22.741793295553673
22.741793295553681
22.741793295553673
22.741793295553673
22.741793295553673
22.741793295553688
22.741793295553663
22.741793295553684
22.741793295553681
22.741793295553673
22.741793295553684
22.741793295553673
22.74179329555367
22.741793295553666
22.741793295553673
22.741793295553695
22.741793295553705
22.741793295553698
22.741793295553684
22.741793295553673
22.741793295553684
22.741793295553649
22.741793295553673
22.741793295553684
22.741793295553649
22.741793295553666
22.74179329555367
22.741793295553663
22.741793295553681
22.741793295553698
22.741793295553673
22.741793295553684
22.741793295553684
22.741793295553681
22.741793295553666
22.741793295553681
22.74179329555367
22.741793295553681
22.741793295553673
22.741793295553688
22.741793295553638
22.741793295553649
22.741793295553702
22.74179329555367
22.741793295553673
22.741793295553673
22.741793295553673
22.741793295553666
22.741793295553638
22.741793295553638
22.741793295553666
22.741793295553695
22.741793295553705
22.74179329555367
22.74179329555367
22.741793295553688
22.741793295553695
22.741793295553681
22.74179329555367
22.741793295553695
22.741793295553673
22.741793295553656
22.741793295553656
22.741793295553688
22.741793295553663
22.741793295553673
22.741793295553684
22.741793295553649
22.741793295553663
22.741793295553673
22.741793295553681
22.741793295553673
22.741793295553673
22.741793295553673
22.741793295553666
22.74179329555367
22.741793295553698
22.741793295553663
22.741793295553663
22.74179329555367
22.741793295553684
22.741793295553684
22.741793295553702
22.741793295553695
22.74179329555367
22.741793295553645
22.741793295553681
22.741793295553695
22.741793295553698
22.741793295553666
22.74179329555367
22.74179329555367
22.741793295553673
22.741793295553684
22.741793295553695
22.741793295553688
22.741793295553663
22.741793295553673
22.741793295553663
22.741793295553656
22.741793295553681
22.741793295553673
22.741793295553688
22.74179329555367
22.74179329555367
22.741793295553688
22.741793295553681
22.741793295553645
22.741793295553681
22.74179329555367
22.741793295553673
22.741793295553681
22.741793295553673
22.741793295553681
22.741793295553645
22.741793295553663
22.741793295553645
22.741793295553673
22.741793295553681
22.741793295553666
22.741793295553663
22.741793295553681
22.741793295553705
22.741793295553684
22.74179329555367
22.741793295553656
22.741793295553673
22.741793295553645
22.741793295553645
22.741793295553684
22.741793295553673
22.741793295553705
22.741793295553673
22.741793295553688
22.741793295553684
22.741793295553673
22.741793295553666
22.741793295553663
22.741793295553656
22.741793295553666
22.741793295553663
22.741793295553681
22.741793295553688
22.741793295553684
22.741793295553681
22.74179329555367
22.741793295553698
22.741793295553673
22.741793295553681
22.741793295553695
22.741793295553695
22.741793295553702
22.741793295553716
22.741793295553688
22.741793295553698
22.741793295553666
22.741793295553656
22.741793295553645
22.741793295553673
22.741793295553684
22.74179329555367
22.741793295553688
22.741793295553681
22.741793295553684
22.741793295553666
22.741793295553681
22.741793295553645
22.741793295553705
22.741793295553681
22.741793295553695
22.741793295553681
22.741793295553673
22.741793295553663
22.741793295553684
22.741793295553688
22.741793295553698
22.741793295553634
22.741793295553666
22.741793295553663
22.74179329555367
22.741793295553656
22.741793295553663
22.741793295553666
22.741793295553656
22.741793295553656
22.741793295553656
22.741793295553645
22.741793295553666
22.741793295553681
22.741793295553649
22.741793295553673
22.741793295553673
22.741793295553698
22.741793295553695
22.741793295553649
22.741793295553702
22.741793295553681
22.741793295553673
22.741793295553645
22.74179329555367
22.741793295553673
22.741793295553673
22.741793295553663
22.741793295553656
22.741793295553684
22.741793295553681
22.741793295553695
22.741793295553688
22.741793295553663
22.741793295553666
22.741793295553638
22.741793295553716
22.741793295553684
22.741793295553684
22.741793295553666
22.741793295553688
22.741793295553666
22.741793295553673
22.741793295553684
22.741793295553666
22.741793295553688
22.741793295553681
22.741793295553656
22.74179329555367
22.741793295553695
22.741793295553684
22.741793295553663
22.74179329555367
22.741793295553666
22.74179329555367
22.741793295553645
22.741793295553695
22.741793295553681
22.741793295553688
22.741793295553645
22.741793295553666
22.741793295553698
22.741793295553649
22.74179329555367
22.741793295553673
22.741793295553645
22.741793295553673
22.741793295553688
22.74179329555367
22.741793295553663
22.741793295553727
22.741793295553681
22.741793295553681
22.741793295553684
22.741793295553673
22.741793295553695
22.741793295553702
22.741793295553666
22.741793295553673
22.741793295553695
22.74179329555367
22.741793295553681
22.741793295553684
22.741793295553688
22.74179329555367
22.741793295553681
22.741793295553684
22.741793295553673
22.741793295553688
22.741793295553681
22.741793295553673
22.74179329555367
22.741793295553723
22.741793295553684
22.741793295553673
22.741793295553681
22.741793295553684
22.741793295553673
22.741793295553681
22.741793295553688
22.741793295553688
22.741793295553673
22.741793295553684
22.741793295553663
22.741793295553695
22.741793295553673
22.741793295553656
22.741793295553666
)
;
    }
    cold
    {
        type            calculated;
        value           nonuniform List<scalar> 
1156
(
-9.9704133318361947
-9.9704133318359318
-9.9704133318361947
-9.9704133318361077
-9.9704133318360224
-9.9704133318360224
-9.9704133318360224
-9.9704133318360224
-9.9704133318361077
-9.9704133318359318
-9.9704133318361947
-9.9704133318361947
-9.9704133318361947
-9.9704133318361077
-9.9704133318360224
-9.9704133318361077
-9.9704133318361077
-9.9704133318359318
-9.9704133318361077
-9.9704133318361947
-9.9704133318360224
-9.9704133318363688
-9.9704133318361077
-9.9704133318361947
-9.9704133318360224
-9.9704133318363688
-9.9704133318361947
-9.9704133318361947
-9.9704133318359318
-9.9704133318362818
-9.9704133318360224
-9.9704133318361077
-9.9704133318361077
-9.9704133318361947
-9.9704133318360224
-9.9704133318361077
-9.9704133318358448
-9.9704133318361077
-9.9704133318360224
-9.9704133318361077
-9.9704133318358448
-9.9704133318360224
-9.9704133318361077
-9.9704133318361077
-9.9704133318360224
-9.9704133318360224
-9.9704133318361077
-9.9704133318360224
-9.9704133318361077
-9.9704133318360224
-9.9704133318359318
-9.9704133318362818
-9.9704133318360224
-9.9704133318361947
-9.9704133318361947
-9.9704133318359318
-9.9704133318360224
-9.9704133318362818
-9.9704133318361947
-9.9704133318360224
-9.9704133318360224
-9.9704133318361947
-9.9704133318361077
-9.9704133318361077
-9.9704133318360224
-9.9704133318361947
-9.9704133318361077
-9.9704133318361947
-9.9704133318361077
-9.9704133318360224
-9.9704133318361947
-9.9704133318360224
-9.9704133318360224
-9.9704133318360224
-9.9704133318361077
-9.9704133318361947
-9.9704133318358448
-9.9704133318358448
-9.9704133318361077
-9.9704133318361947
-9.9704133318361077
-9.9704133318359318
-9.9704133318361947
-9.9704133318361947
-9.9704133318362818
-9.9704133318361077
-9.9704133318361077
-9.9704133318365447
-9.9704133318361077
-9.9704133318359318
-9.9704133318361077
-9.9704133318360224
-9.9704133318361077
-9.9704133318361947
-9.9704133318362818
-9.9704133318359318
-9.9704133318361077
-9.9704133318362818
-9.9704133318359318
-9.9704133318361077
-9.9704133318362818
-9.9704133318361947
-9.9704133318360224
-9.9704133318360224
-9.9704133318361077
-9.9704133318359318
-9.9704133318359318
-9.9704133318361947
-9.9704133318359318
-9.9704133318360224
-9.9704133318358448
-9.9704133318360224
-9.9704133318360224
-9.9704133318361947
-9.9704133318360224
-9.9704133318361077
-9.9704133318360224
-9.9704133318362818
-9.9704133318361077
-9.9704133318361947
-9.9704133318360224
-9.9704133318361947
-9.9704133318360224
-9.9704133318360224
-9.9704133318360224
-9.9704133318360224
-9.9704133318359318
-9.9704133318361947
-9.9704133318362818
-9.9704133318361077
-9.9704133318363688
-9.9704133318361077
-9.9704133318360224
-9.9704133318361947
-9.9704133318361077
-9.9704133318361077
-9.9704133318361947
-9.9704133318358448
-9.9704133318359318
-9.9704133318361947
-9.9704133318360224
-9.9704133318358448
-9.9704133318360224
-9.9704133318360224
-9.9704133318358448
-9.9704133318357595
-9.9704133318361947
-9.9704133318361947
-9.9704133318359318
-9.9704133318360224
-9.9704133318358448
-9.9704133318361077
-9.9704133318361947
-9.9704133318361947
-9.9704133318360224
-9.9704133318359318
-9.9704133318360224
-9.9704133318361947
-9.9704133318360224
-9.9704133318361947
-9.9704133318360224
-9.9704133318361077
-9.9704133318358448
-9.9704133318360224
-9.9704133318361077
-9.9704133318361077
-9.9704133318362818
-9.9704133318362818
-9.9704133318362818
-9.9704133318358448
-9.9704133318362818
-9.9704133318359318
-9.9704133318361077
-9.9704133318360224
-9.9704133318361077
-9.9704133318361077
-9.9704133318361077
-9.9704133318360224
-9.9704133318361947
-9.9704133318360224
-9.9704133318361077
-9.9704133318359318
-9.9704133318360224
-9.9704133318361947
-9.9704133318360224
-9.9704133318361947
-9.9704133318360224
-9.9704133318360224
-9.9704133318361077
-9.9704133318361947
-9.9704133318361077
-9.9704133318361077
-9.9704133318360224
-9.9704133318361947
-9.9704133318360224
-9.9704133318361947
-9.9704133318360224
-9.9704133318362818
-9.9704133318359318
-9.9704133318361077
-9.9704133318359318
-9.9704133318361077
-9.9704133318361077
-9.9704133318361077
-9.9704133318361077
-9.9704133318361947
-9.9704133318359318
-9.9704133318358448
-9.9704133318360224
-9.9704133318362818
-9.9704133318360224
-9.9704133318361077
-9.9704133318361077
-9.9704133318361947
-9.9704133318358448
-9.9704133318359318
-9.9704133318361077
-9.9704133318359318
-9.9704133318361077
-9.9704133318364558
-9.9704133318362818
-9.9704133318361947
-9.9704133318358448
-9.9704133318360224
-9.9704133318361077
-9.9704133318359318
-9.9704133318361077
-9.9704133318359318
-9.9704133318361947
-9.9704133318361077
-9.9704133318359318
-9.9704133318362818
-9.9704133318360224
-9.9704133318358448
-9.9704133318362818
-9.9704133318361077
-9.9704133318361947
-9.9704133318361077
-9.9704133318362818
-9.9704133318360224
-9.9704133318361947
-9.9704133318361947
-9.9704133318360224
-9.9704133318361947
-9.9704133318360224
-9.9704133318361947
-9.9704133318361077
-9.9704133318361077
-9.9704133318361077
-9.9704133318361077
-9.9704133318361947
-9.9704133318361077
-9.9704133318360224
-9.9704133318360224
-9.9704133318360224
-9.9704133318360224
-9.9704133318361077
-9.9704133318360224
-9.9704133318361947
-9.9704133318361077
-9.9704133318360224
-9.9704133318361077
-9.9704133318359318
-9.9704133318361947
-9.9704133318361947
-9.9704133318361077
-9.9704133318361947
-9.9704133318360224
-9.9704133318361077
-9.9704133318360224
-9.9704133318363688
-9.9704133318363688
-9.9704133318362818
-9.9704133318361077
-9.9704133318360224
-9.9704133318362818
-9.9704133318360224
-9.9704133318361947
-9.9704133318361947
-9.9704133318361947
-9.9704133318360224
-9.9704133318361947
-9.9704133318360224
-9.9704133318362818
-9.9704133318359318
-9.9704133318360224
-9.9704133318361947
-9.9704133318361077
-9.9704133318361077
-9.9704133318361947
-9.9704133318361947
-9.9704133318361947
-9.9704133318362818
-9.9704133318360224
-9.9704133318361947
-9.9704133318358448
-9.9704133318361077
-9.9704133318362818
-9.9704133318361947
-9.9704133318362818
-9.9704133318359318
-9.9704133318361077
-9.9704133318360224
-9.9704133318361947
-9.9704133318361077
-9.9704133318361947
-9.9704133318361947
-9.9704133318362818
-9.9704133318358448
-9.9704133318362818
-9.9704133318362818
-9.9704133318362818
-9.9704133318361077
-9.9704133318361077
-9.9704133318361077
-9.9704133318359318
-9.9704133318361947
-9.9704133318363688
-9.9704133318360224
-9.9704133318359318
-9.9704133318360224
-9.9704133318361947
-9.9704133318361077
-9.9704133318361947
-9.9704133318361077
-9.9704133318361947
-9.9704133318361947
-9.9704133318361077
-9.9704133318361947
-9.9704133318361077
-9.9704133318361947
-9.9704133318361947
-9.9704133318361947
-9.9704133318361947
-9.9704133318361077
-9.9704133318363688
-9.9704133318361077
-9.9704133318362818
-9.9704133318360224
-9.9704133318360224
-9.9704133318361947
-9.9704133318361077
-9.9704133318361947
-9.9704133318360224
-9.9704133318360224
-9.9704133318363688
-9.9704133318360224
-9.9704133318358448
-9.9704133318361077
-9.9704133318357595
-9.9704133318360224
-9.9704133318361077
-9.9704133318361947
-9.9704133318361077
-9.9704133318360224
-9.9704133318360224
-9.9704133318361947
-9.9704133318359318
-9.9704133318359318
-9.9704133318361947
-9.9704133318358448
-9.9704133318362818
-9.9704133318361947
-9.9704133318363688
-9.9704133318361077
-9.9704133318361947
-9.9704133318360224
-9.9704133318360224
-9.9704133318361947
-9.9704133318360224
-9.9704133318361077
-9.9704133318360224
-9.9704133318358448
-9.9704133318361077
-9.9704133318360224
-9.9704133318360224
-9.9704133318362818
-9.9704133318361947
-9.9704133318359318
-9.9704133318360224
-9.9704133318360224
-9.9704133318358448
-9.9704133318361077
-9.9704133318361947
-9.9704133318361077
-9.9704133318359318
-9.9704133318359318
-9.9704133318359318
-9.9704133318359318
-9.9704133318359318
-9.9704133318360224
-9.9704133318360224
-9.9704133318361077
-9.9704133318361947
-9.9704133318361947
-9.9704133318360224
-9.9704133318360224
-9.9704133318361947
-9.9704133318362818
-9.9704133318361077
-9.9704133318361077
-9.9704133318361077
-9.9704133318359318
-9.9704133318361947
-9.9704133318361077
-9.9704133318359318
-9.9704133318362818
-9.9704133318359318
-9.9704133318361947
-9.9704133318361077
-9.9704133318359318
-9.9704133318361947
-9.9704133318362818
-9.9704133318361077
-9.9704133318358448
-9.9704133318361077
-9.9704133318359318
-9.9704133318360224
-9.9704133318359318
-9.9704133318361947
-9.9704133318358448
-9.9704133318361947
-9.9704133318362818
-9.9704133318362818
-9.9704133318359318
-9.9704133318360224
-9.9704133318361077
-9.9704133318361077
-9.9704133318361077
-9.9704133318360224
-9.9704133318361077
-9.9704133318361077
-9.9704133318361077
-9.9704133318361947
-9.9704133318361947
-9.9704133318361947
-9.9704133318361077
-9.9704133318361947
-9.9704133318359318
-9.9704133318361947
-9.9704133318360224
-9.9704133318360224
-9.9704133318361077
-9.9704133318361947
-9.9704133318361077
-9.9704133318360224
-9.9704133318362818
-9.9704133318361947
-9.9704133318360224
-9.9704133318360224
-9.9704133318361947
-9.9704133318362818
-9.9704133318361077
-9.9704133318361947
-9.9704133318361077
-9.9704133318361077
-9.9704133318360224
-9.9704133318360224
-9.9704133318360224
-9.9704133318360224
-9.9704133318361947
-9.9704133318362818
-9.9704133318360224
-9.9704133318358448
-9.9704133318361947
-9.9704133318360224
-9.9704133318360224
-9.9704133318361077
-9.9704133318359318
-9.9704133318359318
-9.9704133318360224
-9.9704133318361947
-9.9704133318361947
-9.9704133318361947
-9.9704133318361947
-9.9704133318362818
-9.9704133318361077
-9.9704133318360224
-9.9704133318360224
-9.9704133318361947
-9.9704133318361077
-9.9704133318361077
-9.9704133318361077
-9.9704133318361077
-9.9704133318359318
-9.9704133318359318
-9.9704133318361077
-9.9704133318361077
-9.9704133318361947
-9.9704133318359318
-9.9704133318361077
-9.9704133318361077
-9.9704133318360224
-9.9704133318362818
-9.9704133318357595
-9.9704133318361077
-9.9704133318361077
-9.9704133318361077
-9.9704133318360224
-9.9704133318361077
-9.9704133318359318
-9.9704133318360224
-9.9704133318361077
-9.9704133318358448
-9.9704133318360224
-9.9704133318361077
-9.9704133318362818
-9.9704133318360224
-9.9704133318360224
-9.9704133318360224
-9.9704133318361077
-9.9704133318360224
-9.9704133318360224
-9.9704133318361077
-9.9704133318361077
-9.9704133318361077
-9.9704133318362818
-9.9704133318361077
-9.9704133318360224
-9.9704133318361947
-9.9704133318361077
-9.9704133318360224
-9.9704133318359318
-9.9704133318360224
-9.9704133318361947
-9.9704133318361077
-9.9704133318361077
-9.9704133318360224
-9.9704133318361947
-9.9704133318360224
-9.9704133318358448
-9.9704133318360224
-9.9704133318360224
-9.9704133318361077
-9.9704133318361947
-9.9704133318361077
-9.9704133318361077
-9.9704133318362818
-9.9704133318361077
-9.9704133318363688
-9.9704133318361947
-9.9704133318361077
-9.9704133318360224
-9.9704133318358448
-9.9704133318359318
-9.9704133318360224
-9.9704133318358448
-9.9704133318361947
-9.9704133318361947
-9.9704133318360224
-9.9704133318361947
-9.9704133318357595
-9.9704133318361077
-9.9704133318361077
-9.9704133318361947
-9.9704133318360224
-9.9704133318360224
-9.9704133318360224
-9.9704133318359318
-9.9704133318359318
-9.9704133318361077
-9.9704133318362818
-9.9704133318361077
-9.9704133318360224
-9.9704133318361077
-9.9704133318361077
-9.9704133318361947
-9.9704133318361077
-9.9704133318361947
-9.9704133318361077
-9.9704133318362818
-9.9704133318361077
-9.9704133318358448
-9.9704133318361077
-9.9704133318358448
-9.9704133318361077
-9.9704133318359318
-9.9704133318361077
-9.9704133318361947
-9.9704133318359318
-9.9704133318361947
-9.9704133318359318
-9.9704133318361077
-9.9704133318361077
-9.9704133318360224
-9.9704133318359318
-9.9704133318359318
-9.9704133318357595
-9.9704133318360224
-9.9704133318361077
-9.9704133318361077
-9.9704133318360224
-9.9704133318361077
-9.9704133318361077
-9.9704133318362818
-9.9704133318361077
-9.9704133318361947
-9.9704133318361947
-9.9704133318361077
-9.9704133318361947
-9.9704133318360224
-9.9704133318360224
-9.9704133318361947
-9.9704133318361077
-9.9704133318361947
-9.9704133318360224
-9.9704133318361077
-9.9704133318361077
-9.9704133318361947
-9.9704133318361947
-9.9704133318359318
-9.9704133318361077
-9.9704133318358448
-9.9704133318359318
-9.9704133318361077
-9.9704133318360224
-9.9704133318362818
-9.9704133318360224
-9.9704133318359318
-9.9704133318361077
-9.9704133318361077
-9.9704133318360224
-9.9704133318358448
-9.9704133318361077
-9.9704133318361077
-9.9704133318360224
-9.9704133318363688
-9.9704133318361947
-9.9704133318361077
-9.9704133318361947
-9.9704133318361077
-9.9704133318362818
-9.9704133318360224
-9.9704133318359318
-9.9704133318361077
-9.9704133318361077
-9.9704133318361947
-9.9704133318361077
-9.9704133318361077
-9.9704133318359318
-9.9704133318361077
-9.9704133318361947
-9.9704133318361077
-9.9704133318361947
-9.9704133318361947
-9.9704133318361077
-9.9704133318361077
-9.9704133318363688
-9.9704133318360224
-9.9704133318361077
-9.9704133318361947
-9.9704133318361077
-9.9704133318358448
-9.9704133318361077
-9.9704133318361077
-9.9704133318358448
-9.9704133318361077
-9.9704133318361947
-9.9704133318361077
-9.9704133318360224
-9.9704133318359318
-9.9704133318359318
-9.9704133318361947
-9.9704133318359318
-9.9704133318361947
-9.9704133318360224
-9.9704133318361947
-9.9704133318361077
-9.9704133318360224
-9.9704133318361077
-9.9704133318360224
-9.9704133318359318
-9.9704133318359318
-9.9704133318362818
-9.9704133318361077
-9.9704133318361947
-9.9704133318361947
-9.9704133318360224
-9.9704133318361947
-9.9704133318362818
-9.9704133318361077
-9.9704133318360224
-9.9704133318361947
-9.9704133318361077
-9.9704133318361077
-9.9704133318361077
-9.9704133318361947
-9.9704133318360224
-9.9704133318361077
-9.9704133318361947
-9.9704133318361947
-9.9704133318361947
-9.9704133318361077
-9.9704133318360224
-9.9704133318362818
-9.9704133318361077
-9.9704133318361077
-9.9704133318359318
-9.9704133318361077
-9.9704133318361077
-9.9704133318361077
-9.9704133318360224
-9.9704133318361947
-9.9704133318359318
-9.9704133318363688
-9.9704133318362818
-9.9704133318361947
-9.9704133318361947
-9.9704133318361077
-9.9704133318360224
-9.9704133318362818
-9.9704133318361077
-9.9704133318362818
-9.9704133318362818
-9.9704133318361077
-9.9704133318360224
-9.9704133318360224
-9.9704133318361077
-9.9704133318361077
-9.9704133318365447
-9.9704133318361947
-9.9704133318361947
-9.9704133318361947
-9.9704133318360224
-9.9704133318361947
-9.9704133318360224
-9.9704133318362818
-9.9704133318359318
-9.9704133318361947
-9.9704133318362818
-9.9704133318362818
-9.9704133318360224
-9.9704133318361947
-9.9704133318361077
-9.9704133318361077
-9.9704133318360224
-9.9704133318361947
-9.9704133318360224
-9.9704133318361947
-9.9704133318361947
-9.9704133318361077
-9.9704133318361947
-9.9704133318361077
-9.9704133318359318
-9.9704133318359318
-9.9704133318360224
-9.9704133318361947
-9.9704133318361947
-9.9704133318361947
-9.9704133318360224
-9.9704133318362818
-9.9704133318361077
-9.9704133318362818
-9.9704133318362818
-9.9704133318360224
-9.9704133318361947
-9.9704133318361077
-9.9704133318361947
-9.9704133318361947
-9.9704133318361947
-9.9704133318360224
-9.9704133318358448
-9.9704133318360224
-9.9704133318361947
-9.9704133318359318
-9.9704133318361077
-9.9704133318359318
-9.9704133318360224
-9.9704133318361947
-9.9704133318360224
-9.9704133318361947
-9.9704133318361947
-9.9704133318360224
-9.9704133318362818
-9.9704133318361947
-9.9704133318361947
-9.9704133318360224
-9.9704133318361077
-9.9704133318360224
-9.9704133318360224
-9.9704133318361077
-9.9704133318361947
-9.9704133318361077
-9.9704133318361077
-9.9704133318360224
-9.9704133318361077
-9.9704133318361947
-9.9704133318361077
-9.9704133318361077
-9.9704133318359318
-9.9704133318361077
-9.9704133318361077
-9.9704133318361077
-9.9704133318360224
-9.9704133318358448
-9.9704133318361947
-9.9704133318360224
-9.9704133318361077
-9.9704133318358448
-9.9704133318361077
-9.9704133318362818
-9.9704133318360224
-9.9704133318357595
-9.9704133318362818
-9.9704133318359318
-9.9704133318361947
-9.9704133318361077
-9.9704133318361947
-9.9704133318361077
-9.9704133318360224
-9.9704133318362818
-9.9704133318361947
-9.9704133318360224
-9.9704133318361947
-9.9704133318359318
-9.9704133318359318
-9.9704133318358448
-9.9704133318361077
-9.9704133318361947
-9.9704133318361077
-9.9704133318361077
-9.9704133318362818
-9.9704133318360224
-9.9704133318361947
-9.9704133318359318
-9.9704133318361077
-9.9704133318358448
-9.9704133318359318
-9.9704133318362818
-9.9704133318361077
-9.9704133318358448
-9.9704133318361947
-9.9704133318360224
-9.9704133318361947
-9.9704133318361077
-9.9704133318361947
-9.9704133318361947
-9.9704133318361947
-9.9704133318363688
-9.9704133318361077
-9.9704133318362818
-9.9704133318361077
-9.9704133318361077
-9.9704133318360224
-9.9704133318361077
-9.9704133318361947
-9.9704133318358448
-9.9704133318361947
-9.9704133318359318
-9.9704133318361947
-9.9704133318362818
-9.9704133318363688
-9.9704133318361947
-9.9704133318361077
-9.9704133318361077
-9.9704133318360224
-9.9704133318361077
-9.9704133318359318
-9.9704133318361947
-9.9704133318358448
-9.9704133318359318
-9.9704133318358448
-9.9704133318361077
-9.9704133318359318
-9.9704133318361947
-9.9704133318360224
-9.9704133318359318
-9.9704133318361947
-9.9704133318361077
-9.9704133318361077
-9.9704133318361077
-9.9704133318360224
-9.9704133318358448
-9.9704133318361077
-9.9704133318361077
-9.9704133318362818
-9.9704133318362818
-9.9704133318362818
-9.9704133318361077
-9.9704133318360224
-9.9704133318359318
-9.9704133318361077
-9.9704133318361947
-9.9704133318360224
-9.9704133318361077
-9.9704133318360224
-9.9704133318361947
-9.9704133318360224
-9.9704133318361947
-9.9704133318362818
-9.9704133318361077
-9.9704133318360224
-9.9704133318360224
-9.9704133318361077
-9.9704133318360224
-9.9704133318362818
-9.9704133318361947
-9.9704133318361947
-9.9704133318357595
-9.9704133318360224
-9.9704133318361077
-9.9704133318361077
-9.9704133318360224
-9.9704133318360224
-9.9704133318358448
-9.9704133318361947
-9.9704133318360224
-9.9704133318361947
-9.9704133318360224
-9.9704133318361947
-9.9704133318362818
-9.9704133318362818
-9.9704133318361077
-9.9704133318361077
-9.9704133318360224
-9.9704133318361077
-9.9704133318361947
-9.9704133318361947
-9.9704133318361947
-9.9704133318361077
-9.9704133318361947
-9.9704133318360224
-9.9704133318360224
-9.9704133318361077
-9.9704133318360224
-9.9704133318361947
-9.9704133318359318
-9.9704133318362818
-9.9704133318360224
-9.9704133318360224
-9.9704133318359318
-9.9704133318361947
-9.9704133318361077
-9.9704133318361077
-9.9704133318361077
-9.9704133318361077
-9.9704133318361077
-9.9704133318360224
-9.9704133318361077
-9.9704133318361077
-9.9704133318359318
-9.9704133318361077
-9.9704133318362818
-9.9704133318361077
-9.9704133318360224
-9.9704133318362818
-9.9704133318361947
-9.9704133318361947
-9.9704133318361947
-9.9704133318360224
-9.9704133318361947
-9.9704133318361947
-9.9704133318361077
-9.9704133318362818
-9.9704133318361077
-9.9704133318361947
-9.9704133318361077
-9.9704133318359318
-9.9704133318362818
-9.9704133318360224
-9.9704133318361947
-9.9704133318361077
-9.9704133318364558
-9.9704133318361077
-9.9704133318361947
-9.9704133318361947
-9.9704133318360224
-9.9704133318359318
-9.9704133318361077
-9.9704133318361077
-9.9704133318360224
-9.9704133318361077
-9.9704133318361077
-9.9704133318361947
-9.9704133318361947
-9.9704133318361947
-9.9704133318360224
-9.9704133318360224
-9.9704133318360224
-9.9704133318361077
-9.9704133318359318
-9.9704133318360224
-9.9704133318361947
-9.9704133318361077
-9.9704133318360224
-9.9704133318359318
-9.9704133318361077
-9.9704133318359318
-9.9704133318361947
-9.9704133318361077
-9.9704133318361077
-9.9704133318360224
-9.9704133318358448
-9.9704133318359318
-9.9704133318358448
-9.9704133318359318
-9.9704133318360224
-9.9704133318360224
-9.9704133318362818
-9.9704133318362818
-9.9704133318361077
-9.9704133318361947
-9.9704133318358448
-9.9704133318361077
-9.9704133318361077
-9.9704133318361947
-9.9704133318358448
-9.9704133318359318
-9.9704133318360224
-9.9704133318360224
-9.9704133318360224
-9.9704133318359318
-9.9704133318361077
-9.9704133318360224
-9.9704133318360224
-9.9704133318361947
-9.9704133318361947
-9.9704133318361947
-9.9704133318361077
-9.9704133318361077
-9.9704133318362818
-9.9704133318360224
-9.9704133318361077
-9.9704133318361947
-9.9704133318360224
-9.9704133318360224
-9.9704133318360224
-9.9704133318359318
-9.9704133318361077
-9.9704133318361947
-9.9704133318361947
-9.9704133318360224
-9.9704133318360224
-9.9704133318360224
-9.9704133318360224
-9.9704133318361947
-9.9704133318361947
-9.9704133318361947
-9.9704133318361947
-9.9704133318359318
-9.9704133318362818
-9.9704133318359318
-9.9704133318361077
-9.9704133318361077
-9.9704133318360224
-9.9704133318362818
-9.9704133318360224
-9.9704133318363688
-9.9704133318358448
-9.9704133318361947
-9.9704133318359318
-9.9704133318361077
-9.9704133318362818
-9.9704133318361077
-9.9704133318361947
-9.9704133318360224
-9.9704133318361077
-9.9704133318360224
-9.9704133318361077
-9.9704133318359318
-9.9704133318360224
-9.9704133318360224
-9.9704133318361947
-9.9704133318361947
-9.9704133318360224
-9.9704133318359318
-9.9704133318361947
-9.9704133318360224
-9.9704133318361077
-9.9704133318361947
-9.9704133318361077
-9.9704133318361077
-9.9704133318361077
-9.9704133318361077
-9.9704133318362818
-9.9704133318361947
-9.9704133318361077
-9.9704133318361077
-9.9704133318361947
-9.9704133318361077
-9.9704133318361947
-9.9704133318361077
-9.9704133318359318
-9.9704133318361077
-9.9704133318361077
-9.9704133318361947
-9.9704133318361077
-9.9704133318358448
-9.9704133318360224
-9.9704133318361077
-9.9704133318361947
-9.9704133318360224
-9.9704133318362818
-9.9704133318362818
-9.9704133318361947
-9.9704133318361947
-9.9704133318362818
-9.9704133318360224
-9.9704133318360224
-9.9704133318360224
-9.9704133318359318
-9.9704133318360224
-9.9704133318359318
-9.9704133318362818
-9.9704133318361077
-9.9704133318359318
-9.9704133318361947
-9.9704133318360224
-9.9704133318362818
-9.9704133318358448
-9.9704133318359318
-9.9704133318363688
-9.9704133318361077
-9.9704133318360224
-9.9704133318361077
-9.9704133318362818
-9.9704133318361947
-9.9704133318359318
-9.9704133318362818
-9.9704133318359318
-9.9704133318361077
-9.9704133318362818
-9.9704133318362818
-9.9704133318361947
-9.9704133318361947
-9.9704133318361077
-9.9704133318361947
-9.9704133318361947
-9.9704133318361947
-9.9704133318360224
-9.9704133318360224
-9.9704133318360224
-9.9704133318359318
-9.9704133318359318
-9.9704133318361077
-9.9704133318363688
-9.9704133318361947
-9.9704133318360224
-9.9704133318362818
-9.9704133318361077
-9.9704133318363688
-9.9704133318361077
-9.9704133318363688
-9.9704133318361947
-9.9704133318361077
-9.9704133318363688
-9.9704133318362818
-9.9704133318360224
-9.9704133318362818
-9.9704133318361947
-9.9704133318362818
-9.9704133318360224
-9.9704133318361947
-9.9704133318360224
-9.9704133318360224
-9.9704133318360224
)
;
    }
    topAndBottom
    {
        type            calculated;
        value           uniform 0;
    }
    frontAndBack
    {
        type            calculated;
        value           uniform 0;
    }
}


// ************************************************************************* //
